64.4018492690
-1.5701160503
-1.5720574696
-1.5688714458
-1.5736991282
-1.5666977202
-1.5764362498
-1.5632862553
-1.5805582646
-1.5583673120
-1.5862961155
-1.5517593452
-1.5937644479
-1.5434296984
-1.6028948263
-1.5335666688
-1.6133578591
-1.5226609575
-1.6244826246
-1.5115763426
-1.6352098249
-1.5015534654
-1.5015534654
-1.6352098249
-1.5115763426
-1.6244826246
-1.5226609575
-1.6133578591
-1.5335666688
-1.6028948263
-1.5434296984
-1.5937644479
-1.5517593452
-1.5862961155
-1.5583673120
-1.5805582646
-1.5632862553
-1.5764362498
-1.5666977202
-1.5736991282
-1.5688714458
-1.5720574696
-1.5701160503
